A

hex 41

nibble -> 4bits
byte   -> 8bits 

drive
0 -> 0.5V
1 -> 3.3V (TTL)

dec  binary     hexadecimal
0    0000 0000  0 0
1    0000 0001  0 1
2    0000 0010  0 2 
3    0000 0011  0 3
4    0000 0100  0 4
5    0000 0101  0 5
6    0000 0110  0 6
7    0000 0111  0 7
8    0000 1000  0 8
9    0000 1001  0 9
10   0000 1010  0 A
11   0000 1011  0 B
12   0000 1100  0 C
13   0000 1101  0 D
14   0000 1110  0 E
15   0000 1111  0 F
16   0001 0000  1 0
17   0001 0001  1 1
18   0001 0010  1 2
...
255  1111 1111  F F


pixel
[RED]       [GREEN]     [BLUE]
[1111 1111] [1111 1111] [1111 1111] (black)
[0000 0000] [0000 0000] [0000 0000] (black)
[1111 1111] [0000 0000] [0000 0000] (red)
[1111 1111] [0000 0000] [1111 1111] (violet)
[F F]       [0 0]       [F F] (violet)


